function J=Txi(q,xi)
a=q(1);
b=q(2);
c=q(3);
t1260 = (-c - b);
t1266 = a - t1260;
t1208 = xi ^ 2;
t1192 = -c + b;
t1187 = c ^ 2 + t1192 * b + (a + t1260) * a;
t1186 = t1187 ^ 2;
t1209 = t1187 * t1186;
t1212 = t1209 ^ 2;
t1215 = xi * t1208;
t1218 = t1215 ^ 2;
t1219 = xi * t1218;
t1226 = t1219 ^ 2;
t1245 = t1212 * t1226;
t1210 = t1186 ^ 2;
t1216 = t1208 ^ 2;
t1217 = xi * t1216;
t1222 = t1217 ^ 2;
t1247 = t1210 * t1222;
t1220 = t1216 ^ 2;
t1249 = t1209 * t1220;
t1252 = t1187 * t1216;
t1254 = t1186 * t1218;
t1183 = t1187 * t1210;
t1224 = t1218 ^ 2;
t1256 = t1183 * t1224;
t1181 = t1187 * t1212;
t1194 = t1220 ^ 2;
t1259 = t1181 * t1194;
t1265 = 0.1382158294e12 * t1256 + 0.2560177440e14 * t1259 + 0.4213991770e5 * t1252 + 0.2029454472e9 * t1249 - 0.1777777778e3 * t1208 - 0.3995488493e7 * t1254 - 0.6414078333e10 * t1247 - 0.2160149714e13 * t1245;
t1264 = t1222 * t1183;
t1263 = t1224 * t1212;
t1262 = t1226 * t1181;
t1258 = xi * t1262;
t1257 = xi * t1264;
t1255 = t1186 * t1217;
t1253 = t1187 * t1215;
t1193 = sqrt(0.3e1);
t1251 = t1192 * t1193;
t1250 = t1209 * t1219;
t1248 = t1210 * xi * t1220;
t1246 = xi * t1263;
t1190 = 2 * a + t1260;
t1244 = t1190 * t1251;
t1242 = 0.5000000000e0 * t1193;
t1230 = 0.5120354879e14 * t1259 - 0.4320299429e13 * t1245 + 0.2764316588e12 * t1256 - 0.1282815667e11 * t1247 + 0.4058908945e9 * t1249 - 0.7990976985e7 * t1254 + 0.8427983539e5 * t1252 - 0.3555555556e3 * t1208;
t1234 = t1230 * t1244 * t1242;
t1233 = t1265 * t1244;
t1232 = -0.1536106464e14 * t1258 + 0.1134078600e13 * t1246 - 0.6219712323e11 * t1257 + 0.2405279375e10 * t1248 - 0.6088363417e8 * t1250 + 0.8989849108e6 * t1255 - 0.6320987654e4 * t1253 + 0.1333333333e2 * xi;
t1231 = 0.3072212927e14 * t1258 - 0.2268157200e13 * t1246 + 0.1243942465e12 * t1257 - 0.4810558749e10 * t1248 + 0.1217672683e9 * t1250 - 0.1797969822e7 * t1255 + 0.1264197531e5 * t1253 - 0.2666666667e2 * xi;
t1188 = 0.45e0 + t1266;
t1229 = 0.2880199620e12 * t1259 + (-0.5400374286e11 * t1245 + 0.3455395734e10 * t1256 - 0.1603519583e9 * t1247 + 0.5073636181e7 * t1249 - 0.9988721231e5 * t1254 + 0.1053497942e4 * t1252 - 0.4444444444e1 * t1208) * t1188;
t1191 = t1192 ^ 2;
t1189 = t1190 ^ 2;
t1176 = t1231 * t1190;
t1175 = t1231 * t1251;
J = [0.5000000000e0 + t1234 + t1265 * t1189 -(0.1e1 + t1230 * t1189) * t1193 / 0.2e1 + t1233 t1176 t1229 * t1190; (0.1e1 + (0.1536106464e15 * t1259 - 0.1296089829e14 * t1245 + 0.8292949764e12 * t1256 - 0.3848447000e11 * t1247 + 0.1217672683e10 * t1249 - 0.2397293096e8 * t1254 + 0.2528395062e6 * t1252 - 0.1066666667e4 * t1208) * t1191) * t1193 / 0.2e1 + t1233 -t1234 + 0.5000000000e0 + (0.7680532317e14 * t1259 - 0.6480449143e13 * t1245 + 0.4146474883e12 * t1256 - 0.1924223500e11 * t1247 + 0.6088363417e9 * t1249 - 0.1198646548e8 * t1254 + 0.1264197531e6 * t1252 - 0.5333333333e3 * t1208) * t1191 t1175 t1229 * t1251; -t1175 * t1242 + t1232 * t1190 (0.5000000000e0 * t1176 + t1232 * t1192) * t1193 0.1e1 - 0.1422222222e4 * t1208 * t1187 + 0.3371193416e6 * t1216 * t1186 - 0.3196390794e8 * t1218 * t1209 - 0.5131262666e11 * t1264 + 0.1105726635e13 * t1263 - 0.1728119772e14 * t1262 + (0.1623563578e10 * t1220 + 0.2048141951e15 * t1194 * t1210) * t1210 (-0.3840266159e12 * t1258 + 0.2835196500e11 * t1246 - 0.1554928081e10 * t1257 - 0.1522090854e7 * t1250 + 0.2247462277e5 * t1255 - 0.1580246914e3 * t1253 + 0.6013198437e8 * t1248) * t1188 + (0.15e0 + 0.3333333333e0 * t1266) * xi; 0 0 0 1;];

